210
914
864
896
979
786
807
113
529
997
83
549
584
564
131
735
68
338
881
812
942
7
597
214
208
703
943
457
37
225
499
291
587
718
909
585
194
23
469
646
350
555
783
666
721
931
367
459
945
432
515
661
869
698
552
383
357
843
955
176
569
101
764
11
523
688
918
940
873
335
59
220
436
930
718
296
200
44
143
442
618
684
326
212
267
936
702
701
168
921
331
492
428
451
245
90
453
815
624
647
953
193
850
1000
813
357
720
875
816
206
534
492
979
866
700
354
582
74
254
73
619
969
556
537
860
361
530
109
865
95
504
887
929
790
807
29
189
50
534
44
743
97
650
427
30
127
444
962
461
100
737
489
312
900
55
60
807
712
174
428
572
306
367
709
956
711
172
542
521
249
282
795
122
63
385
419
579
502
203
963
180
742
90
728
649
626
843
137
396
662
457
919
297
842
378
698
952
273
292
65
584
317
450
913
595
470
439
252
244
329
935
930
926
784
556
971
774
341
861
347
435
247
741
856
821
646
755
104
893
705
573
602
807
151
500
713
530
285
142
682
992
103
91
749
144
388
650
147
3
653
40
93
328
958
60
282
432
395
811
661
686
335
118
335
635
775
50
712
403
264
857
517
643
901
258
101
833
547
991
85
104
543
141
795
50
381
49
785
323
36
266
594
905
793
833
797
812
545
429
635
261
623
431
538
25
602
497
170
69
107
868
657
675
166
338
234
42
514
435
364
795
450
177
354
897
594
628
58
882
143
533
288
296
202
647
743
743
544
106
679
276
848
397
315
291
254
520
698
625
719
658
312
773
883
375
129
406
510
670
916
685
307
369
788
999
868
400
415
899
864
451
11
110
600
312
370
658
654
276
283
218
130
840
701
115
537
539
431
139
870
340
471
380
855
287
185
255
673
149
25
792
164
988
328
400
202
406
691
701
126
909
772
710
67
721
813
623
245
139
940
287
673
558
737
630
879
867
205
189
641
985
643
445
218
120
116
922
354
949
272
363
275
789
753
166
615
114
250
926
407
682
565
916
147
220
693
894
859
178
623
698
991
310
78
290
8
401
237
180
281
691
308
6
21
892
790
477
799
929
53
574
821
383
366
658
238
419
127
465
520
33
944
353
190
352
484
43
608
165
634
23
63
82
151
70
222
291
472
212
610
906
610
53
616
503
759
384
529
815
459
391
362
292
750
490
517
829
712
523
839
52
720
924
815
907
391
311
216
356
166
180
149
813
293
146
664
788
880
740
170
227
560
457
372
156
498
856
641
172
775
379
560
405
496
52
564
825
604
39
500
369
221
558
858
564
625
774
106
56
141
215
570
828
988
992
935
420
545
829
172
802
168
245
349
965
339
317
277
371
648
98
29
136
552
586
147
776
594
766
148
759
745
851
831
239
988
665
631
269
682
110
265
578
992
985
699
765
150
597
79
972
455
703
382
360
300
972
713
794
630
781
803
7
999
364
977
381
851
813
19
761
167
441
808
746
203
839
29
82
696
375
28
26
610
522
312
321
631
198
852
224
999
722
332
105
770
732
966
807
828
849
61
41
979
958
281
588
600
239
451
886
337
595
124
533
777
14
406
726
197
145
129
713
31
495
856
302
719
816
783
242
86
456
385
263
952
584
638
382
569
40
345
238
393
283
133
925
12
937
60
817
758
545
749
58
5
635
904
355
123
969
745
304
684
539
693
367
575
147
780
179
212
53
921
785
712
296
958
625
782
87
686
627
766
230
248
412
309
289
40
137
339
75
778
955
12
755
211
446
46
489
431
261
746
583
308
844
887
569
789
877
507
311
548
693
929
914
637
154
173
211
580
813
569
154
589
491
72
556
214
769
99
363
388
191
221
239
487
401
751
790
50
611
541
698
331
901
435
643
859
432
18
38
824
987
117
647
611
214
220
24
242
973
864
695
228
232
285
457
400
567
938
205
459
13
505
984
190
938
303
841
11
995
35
956
468
265
743
736
62
654
280
175
40
505
977
334
1000
447
477
403
769
482
656
201
358
772
650
744
988
595
276
157
858
523
708
312
71
342
220
911
640
819
283
114
963
165
981
823
983
288
659
541
724
810
279
326
154
814
93
343
683
384
254
163
382
637
895
918
342
416
336
795
761
416
866
221
642
650
972
708
263
999
924
636
671
550
238
413
44
678
436
504
392
789
464
750
628
975
20
94
639
306
973
119
539
348
888
955
427
205
150
594
474
165
766
777
161
779
323
20
819
542
732
828
810
47
541
681
711
474
378
43
677
825
409
735
13
769
304
405
577
304
795
360
244
928
898
365
218
527
929
321
268
41
749
415
374
170
440
377
923
278
26
277
764
789
954
193
719
878
753
127
102
495
483
539
692
115
381
313
745
190
894
939
798
23
514
170
446
358
37
446
116
924
957
789
728
167
287
847
9
110
491
293
835
564
720
72
387
355
266
886
463
597
193
860
171
22
341
304
65
126
387
718
862
614
347
474
802
700
24
881
806
855
653
11
978
323
659
607
860
559
987
514
881
586
796
587
983
473
37
69
761
801
46
219
881
135
308
311
98
307
214
638
685
460
913
436
117
592
773
754
975
385
354
369
379
965
935
302
569
6
457
600
530
74
795
327
20
406
418
202
341
563
30
68
608
896
814
344
235
472
943
85
91
55
618
45
384
674
389
674
915
933
408
469
874
413
707
387
795
960
893
86
56
511
706
516
488
721
896
7
506
157
778
168
523
665
986
29
946
703
691
114
840
579
284
768
665
831
428
768
385
906
962
4
565
247
564
189
575
822
861
221
678
743
225
567
111
993
202
41
48
443
833
186
912
173
843
408
752
354
268
100
421
261
427
246
818
285
74
615
808
700
889
510
200
292
777
802
907
482
656
702
399
693
146
188
426
104
579
149
58
388
203
801
130
128
272
8
632
5
874
819
652
998
622
579
462
525
728
540
217
554
434
353
107
979
912
277
311
329
578
925
229
324
528
567
454
43
570
640
475
52
885
477
715
259
745
260
561
78
700
283
504
410
875
76
699
756
441
563
399
894
108
472
729
413
955
669
104
478
847
848
966
70
435
783
675
212
185
138
164
592
441
774
402
711
143
317
935
909
405
336
338
306
756
808
626
508
159
198
695
464
58
747
296
616
33
34
56
160
602
305
34
160
764
604
432
167
464
504
21
267
13
415
344
501
47
412
904
325
327
872
268
708
31
230
260
515
131
538
312
718
453
361
681
506
606
137
645
254
364
771
692
202
620
131
650
545
505
982
950
271
872
133
470
15
334
402
319
429
797
718
384
42
6
904
544
645
322
786
970
623
170
733
846
470
736
275
308
771
687
114
27
307
360
296
159
17
659
399
739
143
648
283
729
992
930
869
389
341
737
462
914
637
622
346
314
124
518
969
471
427
666
516
814
287
169
934
814
768
457
261
6
179
77
303
221
748
967
473
659
413
113
21
889
460
318
133
38
592
259
707
77
738
546
882
272
710
727
231
941
224
797
750
35
454
200
813
427
809
897
374
193
723
100
324
615
877
593
63
87
952
826
780
246
680
984
551
894
280
5
567
768
182
527
602
646
336
853
258
258
187
110
893
377
952
872
816
627
212
759
315
640
22
195
999
805
538
753
330
522
572
526
201
235
548
94
238
135
817
998
155
119
924
61
140
236
166
620
219
257
384
643
529
405
273
320
661
630
189
371
408
627
845
767
455
684
567
747
289
80
989
143
54
405
689
768
23
928
737
465
929
145
12
888
46
107
793
75
680
534
974
562
366
89
183
245
872
955
35
123
599
84
717
292
899
757
384
767
476
660
149
763
883
766
342
452
331
697
974
497
400
525
494
680
330
810
538
372
936
842
482
530
500
64
437
690
28
924
725
342
676
627
891
668
937
946
241
171
488
486
364
947
270
752
502
963
978
335
804
700
928
1000
573
743
659
430
738
108
82
853
977
673
895
667
886
688
114
780
475
23
95
167
990
855
695
931
126
211
7
346
379
285
76
658
506
715
959
886
539
8
620
544
975
413
238
978
551
683
767
422
695
197
876
84
517
475
276
771
730
646
251
890
4
227
549
237
480
302
415
650
429
923
29
156
762
769
13
511
230
130
269
224
483
522
211
354
468
490
777
989
460
845
282
93
791
223
812
720
575
370
347
474
84
558
544
718
431
540
437
205
201
165
822
925
305
611
921
69
132
683
935
73
967
848
836
216
448
252
79
732
94
491
79
476
163
760
124
175
656
842
912
246
543
345
796
605
472
406
555
185
166
647
856
228
6
876
143
200
515
503
126
724
915
620
105
594
589
433
118
249
840
259
699
191
852
147
750
283
618
544
45
423
443
92
728
190
545
201
945
728
747
930
722
15
380
308
479
741
840
5
583
256
289
702
866
620
819
780
239
392
148
786
956
336
695
231
868
231
513
194
840
277
296
692
56
420
96
183
16
355
260
738
231
226
533
36
992
724
622
279
438
84
990
926
908
131
381
260
792
498
981
772
882
619
49
317
350
631
528
905
271
378
669
241
259
329
743
703
516
99
36
23
63
7
365
565
55
856
780
551
13
847
630
340
999
74
922
621
643
659
39
729
57
768
112
94
210
259
371
874
171
17
373
801
200
253
556
457
564
706
846
798
691
289
307
389
855
546
900
415
137
545
336
719
541
581
577
568
429
522
227
502
728
317
769
453
647
352
914
543
446
251
981
899
506
412
270
285
342
52
34
718
900
170
609
538
483
688
817
484
833
797
867
403
633
906
49
364
638
77
84
68
340
834
146
646
48
19
501
863
965
240
969
28
161
489
715
907
891
289
605
303
762
710
36
776
111
742
645
945
518
134
718
40
321
793
269
466
101
243
724
722
921
751
667
96
895
867
82
274
72
647
336
908
657
751
949
82
850
778
615
756
165
575
8
875
616
580
816
762
404
706
874
59
705
217
655
777
462
782
153
711
298
648
411
366
484
429
694
261
768
681
662
919
732
835
83
273
511
33
44
504
228
743
241
811
780
259
436
649
185
272
838
745
39
600
900
888
381
661
639
176
719
59
706
312
836
812
214
557
137
341
734
876
904
151
721
130
22
56
728
733
771
957
965
782
315
956
180
56
133
939
654
751
889
922
750
426
717
458
83
814
524
452
179
559
537
993
801
322
840
270
619
331
412
670
154
965
817
435
175
346
939
832
393
958
292
395
5
327
787
525
636
822
547
709
735
410
289
949
555
675
745
164
991
601
92
639
129
776
463
870
730
389
592
284
115
431
148
381
451
52
419
280
35
130
604
632
478
936
520
803
159
960
467
856
9
829
547
207
403
267
937
638
297
576
832
735
966
598
52
130
402
271
273
544
990
229
781
403
954
98
62
905
421
503
197
482
796
410
73
967
52
772
629
89
991
99
588
402
332
493
224
343
618
316
433
103
706
124
441
363
497
326
771
864
166
852
240
299
709
488
421
808
831
590
767
559
741
478
952
107
63
453
656
897
942
477
855
980
473
1
563
867
503
543
852
579
445
569
393
46
652
579
464
585
614
922
369
419
316
630
948
634
912
187
208
788
349
830
849
498
196
607
781
141
799
571
188
534
583
560
752
162
225
366
917
124
480
802
879
460
906
306
745
521
630
283
523
73
886
350
935
445
886
542
602
804
779
593
579
762
911
744
719
252
538
532
5
187
831
218
456
485
359
109
185
808
237
906
972
527
438
200
328
926
598
874
59
522
12
567
835
720
948
57
38
75
552
135
806
163
579
42
265
594
239
939
713
330
210
548
497
987
454
700
255
612
276
360
40
617
99
693
579
65
111
388
88
286
534
383
769
667
9
414
954
679
284
74
172
875
804
203
733
7
490
270
822
621
667
797
667
214
903
72
602
91
288
148
56
315
820
269
73
765
996
899
900
685
235
647
154
377
847
622
345
936
901
747
823
916
343
565
412
345
45
265
270
629
674
543
813
549
494
265
864
135
299
970
10
679
715
294
249
791
342
95
86
785
696
851
496
431
465
369
677
877
793
678
927
875
32
819
624
724
648
384
287
665
335
547
743
785
767
298
589
386
777
297
28
569
217
294
895
805
785
717
35
398
637
780
779
695
190
346
741
625
375
154
184
533
637
593
243
385
993
777
962
9
291
161
24
682
852
852
747
862
553
462
515
648
848
584
24
650
273
877
587
147
879
125
194
345
866
854
215
599
27
57
903
294
702
871
281
759
873
206
555
263
203
97
950
300
324
20
111
341
16
980
778
828
371
79
550
235
142
407
52
454
881
730
420
684
476
573
115
92
691
817
538
692
720
78
815
655
43
126
465
231
997
454
766
772
515
330
860
229
972
322
293
856
669
755
265
407
474
815
729
727
784
367
792
793
676
399
271
733
894
367
191
181
442
154
297
34
152
756
502
368
468
873
667
623
708
360
670
305
840
465
318
978
499
965
891
579
901
17
548
709
192
960
243
632
445
130
424
204
836
424
813
88
266
449
29
829
367
752
865
869
543
844
978
867
31
866
654
455
876
240
742
267
372
513
31
887
866
511
265
156
895
910
418
346
496
50
400
857
646
969
290
848
659
75
506
171
932
514
469
253
765
16
525
514
404
528
369
62
411
558
367
191
60
956
29
297
798
899
243
899
250
423
877
714
428
845
588
318
820
675
823
875
808
572
591
956
719
659
631
274
856
452
717
997
695
22
197
720
816
708
450
741
325
207
442
989
749
214
143
816
832
522
845
499
221
883
559
989
844
780
392
718
876
320
954
365
217
555
809
404
433
488
804
309
537
63
37
183
68
845
471
302
613
932
260
549
458
380
470
452
108
890
221
614
674
98
294
308
186
77
194
665
345
624
593
139
731
51
915
742
254
125
276
611
982
660
22
272
32
798
780
153
261
52
956
237
567
121
322
120
190
928
444
60
334
858
884
872
705
75
882
286
123
319
229
844
74
931
231
623
841
34
34
475
786
384
633
432
70
885
486
630
323
102
522
746
806
1000
971
267
895
749
246
972
817
242
600
370
873
652
208
17
405
484
455
202
424
16
160
144
950
860
475
961
58
693
860
942
446
772
590
337
880
151
209
346
969
552
22
178
634
194
637
550
925
846
316
334
461
186
922
564
532
869
492
111
809
120
976
3
373
590
422
513
640
698
437
503
834
592
921
713
2
91
539
611
918
792
223
21
167
482
345
794
659
6
328
935
530
258
510
257
756
953
405
99
394
537
319
167
410
605
810
412
650
918
432
152
691
498
918
31
138
632
46
59
970
544
953
34
542
745
922
852
731
468
699
585
679
874
727
532
730
722
877
444
284
735
690
807
351
984
686
477
983
849
732
573
508
630
651
695
406
578
169
479
437
423
58
256
145
176
585
362
117
996
403
466
818
836
410
762
474
293
307
425
767
706
550
688
498
306
295
422
744
346
6
335
554
521
383
886
368
4
170
406
264
614
242
932
634
198
249
124
396
925
121
226
649
997
322
675
406
773
512
987
319
110
996
613
87
625
97
702
754
248
705
513
422
440
804
924
488
62
649
587
796
501
117
233
119
350
881
845
361
643
638
351
876
647
512
301
461
265
909
474
164
496
421
896
291
427
532
249
241
376
153
915
772
225
743
810
416
490
763
35
973
211
242
250
132
316
889
916
5
161
234
823
259
87
549
895
634
610
926
796
90
785
16
893
930
286
134
402
120
543
800
405
678
279
411
719
839
419
364
911
781
899
131
977
340
403
37
34
874
378
957
690
869
957
107
975
975
219
616
589
782
205
362
157
329
841
930
825
994
858
628
963
93
101
480
253
840
200
835
66
363
665
28
597
566
463
480
831
754
866
152
349
449
897
539
556
44
860
636
822
109
980
302
989
253
859
324
636
165
324
746
493
940
844
953
487
460
367
74
990
749
435
440
633
726
277
906
248
703
527
196
666
989
588
260
361
258
657
459
420
276
864
369
208
245
166
777
268
437
950
882
6
14
686
477
956
770
497
763
286
831
188
605
231
94
64
820
209
414
94
258
163
891
50
205
612
968
398
303
544
384
716
617
810
153
114
988
260
49
907
125
698
123
291
707
79
449
780
952
676
75
114
280
193
649
237
750
784
613
755
222
132
649
835
624
698
98
933
560
255
822
622
381
637
529
826
382
900
969
211
692
981
980
266
837
957
981
442
818
201
912
251
901
655
961
505
166
771
693
313
301
394
464
129
101
928
480
202
576
264
119
118
696
627
704
391
54
263
619
15
176
695
722
862
256
290
818
839
56
878
740
524
934
584
128
887
356
637
234
474
599
425
168
943
241
174
742
825
619
673
303
301
312
365
406
420
419
814
502
534
112
304
414
986
650
706
912
765
947
101
782
514
733
777
173
893
713
99
183
16
411
280
878
3
157
650
739
953
236
134
974
948
252
837
15
714
590
722
579
516
4
869
468
491
179
583
365
308
210
684
67
702
556
566
400
391
550
250
500
362
934
996
451
391
923
360
302
268
694
260
790
734
212
443
449
530
732
206
683
773
13
696
262
600
838
276
294
190
816
198
447
482
141
413
172
558
357
884
425
311
889
592
929
613
919
398
589
711
763
412
702
709
747
157
858
444
887
923
541
144
150
960
745
940
124
808
976
542
552
917
186
463
890
928
311
356
627
822
678
430
812
75
482
648
437
145
618
800
767
953
933
519
66
414
675
959
896
576
373
890
719
849
144
624
316
529
753
836
238
167
637
191
750
136
712
349
222
929
812
132
797
716
285
621
399
174
628
427
472
628
342
630
379
735
833
39
929
34
536
694
228
933
80
239
60
892
446
25
36
927
318
518
870
827
93
918
231
86
984
295
717
290
918
604
48
450
865
757
619
335
956
569
427
159
848
940
241
715
123
432
407
50
34
818
458
453
296
300
36
408
33
999
755
981
381
523
137
697
482
225
141
232
665
578
416
448
331
697
254
382
23
44
46
902
982
172
207
255
633
803
772
194
850
878
960
856
741
757
48
271
635
780
164
756
301
865
158
372
762
194
493
947
702
541
586
348
665
754
837
57
618
438
121
361
1
480
410
161
518
573
129
896
13
905
681
758
679
492
603
551
238
952
332
395
670
566
392
809
439
707
767
145
847
614
954
205
616
742
518
563
465
87
499
428
236
107
497
214
887
479
234
249
131
60
428
535
442
447
813
446
648
617
693
276
859
718
314
434
314
271
524
562
836
194
463
277
401
834
957
419
262
973
541
614
453
765
444
18
772
570
994
934
272
16
379
285
919
572
113
932
937
72
554
751
506
550
316
72
78
794
18
678
239
110
452
284
32
410
297
182
216
50
205
947
247
8
279
543
361
69
23
922
920
550
508
615
440
110
112
658
579
972
875
106
916
735
170
430
26
313
548
667
41
506
318
407
646
184
572
179
510
699
972
243
501
351
843
324
916
450
213
857
370
387
947
730
852
527
449
588
699
448
370
157
139
249
26
761
153
763
235
347
39
897
903
41
777
210
149
958
628
830
216
744
514
452
613
630
409
927
878
665
704
232
78
883
9
374
777
226
791
587
29
861
700
94
749
150
609
458
380
5
155
314
254
405
904
976
427
460
418
76
581
258
799
702
255
584
737
766
551
495
861
992
222
941
262
356
617
401
649
182
467
123
394
937
242
30
16
334
835
153
572
683
769
674
445
239
432
557
234
167
839
781
144
872
806
307
585
145
391
979
831
582
448
457
70
103
661
663
265
373
816
859
546
167
802
108
292
558
247
196
835
909
651
76
475
276
118
30
753
625
255
337
652
93
850
493
44
476
638
404
262
88
522
456
306
869
948
624
958
39
195
937
441
968
317
709
633
871
300
868
707
209
916
643
850
934
167
260
520
368
111
138
259
328
566
320
394
29
437
218
60
241
561
429
596
994
375
116
263
897
284
263
515
19
77
800
546
153
281
334
412
563
23
316
301
869
189
333
173
161
451
993
620
741
353
268
571
141
922
526
148
289
111
190
223
195
662
111
762
922
681
423
888
792
856
169
881
453
221
670
733
945
231
806
860
672
500
21
793
947
520
742
954
26
606
352
334
746
33
144
278
293
106
559
119
357
534
541
719
848
570
790
293
983
251
186
625
721
483
776
760
271
250
68
870
36
424
806
128
570
507
796
975
527
960
795
59
107
881
689
22
426
830
641
883
935
142
637
614
920
842
77
31
523
777
507
134
674
262
38
323
795
792
280
762
167
485
813
226
91
651
972
266
43
299
146
65
183
943
467
482
720
962
153
673
842
110
128
332
346
362
219
862
153
111
311
523
919
344
433
441
876
650
841
788
456
485
878
644
623
855
744
974
459
467
706
889
687
808
396
583
427
731
753
96
205
629
289
645
701
982
2
986
287
967
583
44
563
146
421
968
359
790
268
667
165
224
443
745
236
704
431
852
24
72
550
771
102
352
95
290
285
238
58
187
523
132
749
178
561
116
462
190
470
594
230
158
143
920
396
68
895
352
515
338
720
61
118
319
690
509
496
55
497
750
92
476
633
766
24
449
352
317
904
608
839
163
869
544
963
4
656
56
858
162
322
121
26
933
647
257
534
370
683
402
283
403
67
402
568
571
22
53
116
942
669
714
241
108
916
334
226
168
201
293
118
71
404
283
351
179
562
537
747
912
905
799
413
823
998
494
447
640
810
381
722
123
732
283
204
113
990
715
631
627
920
432
690
65
624
692
280
594
306
815
766
924
131
380
526
210
677
803
690
42
710
303
987
691
677
691
37
138
821
694
411
707
950
219
160
266
485
848
304
283
528
221
19
720
572
827
567
678
281
911
831
52
838
590
654
191
37
965
824
755
863
648
852
644
42
631
703
86
234
650
286
800
882
484
701
414
459
798
88
239
397
978
276
513
104
926
654
427
111
814
114
13
825
702
442
268
276
456
595
517
365
480
418
391
302
81
495
443
794
200
889
922
530
41
494
24
512
222
120
29
654
50
858
845
341
764
578
254
205
746
764
578
588
984
62
781
366
396
627
805
142
517
660
992
594
973
952
537
323
606
862
775
951
494
303
673
41
363
504
356
72
702
694
475
843
396
278
901
600
247
151
579
525
430
321
990
823
513
337
434
942
960
892
529
73
885
78
679
795
347
518
423
83
951
828
100
995
814
91
919
236
808
601
965
166
855
34
171
394
368
726
325
824
234
840
547
859
397
304
166
973
44
87
491
541
495
519
839
682
819
741
666
475
320
115
311
369
734
641
52
845
716
80
342
997
954
524
862
473
405
878
86
241
226
776
32
818
266
92
672
420
780
233
133
422
998
675
348
116
310
52
496
862
837
618
389
806
474
907
64
541
871
734
843
774
468
35
167
199
123
733
446
717
634
627
559
347
511
508
250
512
782
60
347
938
107
505
620
752
792
988
421
773
218
281
98
517
995
993
96
34
974
789
655
174
147
484
316
942
474
431
551
743
869
352
579
858
77
273
887
799
799
406
950
216
967
828
442
976
122
451
463
158
981
301
470
988
789
908
511
617
149
563
805
440
285
385
520
349
42
394
311
957
46
102
930
416
433
293
376
267
764
217
10
737
798
536
863
881
673
574
830
290
312
819
896
427
723
361
569
169
614
827
480
10
414
146
223
393
472
55
660
968
973
965
30
450
591
590
239
277
789
90
719
977
555
433
84
106
312
4
392
900
939
286
358
886
724
659
740
42
166
122
44
307
934
601
244
327
257
288
64
119
784
314
142
205
136
207
847
221
605
205
232
575
755
119
398
722
117
577
909
144
317
931
101
151
868
361
921
655
155
649
403
768
420
83
543
672
130
31
582
303
371
599
834
643
366
499
54
717
509
954
929
15
655
912
277
884
697
365
463
513
491
900
515
10
905
830
46
413
330
504
650
417
331
839
123
756
541
480
394
16
556
594
946
250
594
311
678
959
927
762
153
935
55
97
609
459
300
240
718
585
305
672
701
321
649
622
573
420
502
342
832
910
663
87
464
234
993
532
941
548
658
340
549
406
984
409
643
268
607
351
390
492
515
104
603
735
525
91
30
936
343
294
484
409
938
918
604
49
719
551
792
779
149
309
990
487
104
345
95
136
267
265
592
329
924
803
337
348
180
641
891
133
915
673
691
69
577
219
423
873
357
577
566
935
553
358
184
671
545
671
845
571
951
368
340
619
238
779
962
462
579
558
930
684
33
235
357
141
672
495
123
83
890
295
720
706
183
211
33
721
182
440
84
67
700
355
465
880
427
633
111
154
6
319
319
422
910
682
501
951
81
717
751
140
623
954
613
619
779
376
55
550
845
877
790
468
307
971
725
832
272
113
487
817
775
614
524
447
544
904
683
251
307
368
623
29
418
29
618
931
790
533
206
482
785
424
974
938
938
802
623
710
337
749
385
476
601
465
503
337
256
52
981
884
262
191
768
332
741
974
705
877
477
300
392
392
628
403
889
975
767
368
379
807
28
818
516
320
314
640
679
663
907
248
698
658
221
171
68
754
835
7
976
426
381
636
740
680
459
459
584
536
513
216
146
355
139
706
136
306
858
688
741
432
142
440
296
334
18
914
326
426
832
423
728
54
968
162
12
84
74
236
921
192
223
794
945
275
389
541
316
604
283
105
204
70
87
808
264
888
671
95
956
552
675
704
404
113
926
541
639
622
230
871
472
792
524
466
32
774
920
610
209
442
314
781
355
744
25
540
574
702
181
463
429
295
991
863
663
93
159
616
624
366
909
902
492
920
12
6
834
886
137
771
185
347
364
633
227
543
351
919
302
266
929
666
333
656
887
132
165
611
518
18
596
579
921
744
838
517
481
606
246
942
660
415
759
65
491
742
929
42
286
449
972
481
936
585
659
629
994
387
904
888
772
246
822
631
299
275
830
124
853
395
704
301
427
483
813
114
12
405
473
782
760
593
446
40
705
369
375
472
515
64
776
64
556
809
725
442
872
798
849
926
323
404
403
274
101
416
491
295
102
548
81
400
334
400
209
232
189
870
974
14
402
801
398
244
96
462
187
907
589
732
854
724
96
791
12
326
872
287
561
52
185
14
308
895
302
30
338
209
870
36
653
178
127
277
776
244
422
879
381
111
696
77
681
550
446
969
492
970
681
980
551
26
300
465
188
648
652
161
113
730
82
86
997
730
568
505
742
107
115
447
908
140
842
57
780
411
100
668
745
572
424
119
393
183
654
906
190
749
991
567
529
759
275
327
787
901
152
469
390
666
218
538
878
498
486
777
360
710
128
471
114
680
678
603
550
452
414
714
915
91
142
287
723
713
746
372
259
421
575
504
366
271
493
614
602
668
631
281
589
444
679
824
485
37
324
667
314
361
448
702
469
583
114
89
798
575
840
33
311
761
573
700
503
460
624
547
853
543
86
658
683
865
737
280
141
948
46
908
409
672
51
969
920
875
375
408
898
15
585
846
457
614
588
775
95
839
324
6
799
560
168
94
199
456
916
458
520
704
662
724
358
604
804
844
303
29
870
351
472
480
655
12
945
490
915
775
816
947
104
694
594
174
862
571
899
557
519
521
396
85
262
550
944
880
796
686
215
850
396
510
58
197
597
551
196
995
173
766
33
556
261
836
63
829
611
906
792
842
943
394
517
497
648
876
466
456
228
364
554
209
205
131
442
83
366
684
871
538
326
237
432
229
906
182
261
57
655
643
875
724
20
489
249
778
85
305
817
138
377
738
257
116
520
359
957
652
719
170
479
729
961
129
683
913
723
130
4
693
446
591
631
312
580
358
112
132
812
80
265
548
610
554
647
122
981
669
475
797
17
836
873
849
905
830
141
888
814
855
387
587
76
412
424
319
234
337
55
49
189
228
601
704
671
685
524
19
28
580
462
647
330
860
449
885
688
538
354
729
587
505
708
729
541
44
374
167
284
521
463
103
837
88
769
197
572
682
281
596
195
921
102
218
392
554
952
113
421
146
699
91
217
972
419
619
691
599
542
377
414
685
515
633
580
666
279
810
522
82
140
148
477
243
617
603
789
871
613
277
552
519
824
287
998
200
597
891
790
998
8
928
461
536
888
173
811
811
885
71
798
442
800
175
700
290
716
732
601
429
156
942
827
977
826
139
552
912
247
87
46
486
577
721
210
153
987
239
277
774
44
614
399
772
385
565
389
363
674
61
358
700
727
237
755
944
318
83
818
759
1
75
747
514
371
96
397
580
535
120
400
661
711
789
538
349
924
122
559
733
145
781
984
645
857
177
827
272
162
978
26
116
188
404
880
106
577
589
296
146
383
43
875
195
315
19
303
253
471
501
376
775
894
731
758
25
577
735
752
360
300
664
95
850
902
641
738
272
540
866
48
388
704
824
540
223
957
775
641
265
645
540
491
955
854
992
93
559
917
130
722
112
15
445
912
415
484
170
350
504
423
379
776
6
575
454
405
7
957
651
410
210
697
300
965
142
456
730
963
600
294
320
908
170
467
7
224
993
104
816
721
817
64
77
201
570
509
607
104
527
560
279
713
129
227
137
201
633
925
733
869
702
492
38
459
679
960
779
38
219
341
617
848
480
755
965
215
962
930
698
625
149
564
844
6
188
600
335
956
573
149
639
37
132
899
855
757
3
920
683
968
152
888
149
974
73
902
699
809
516
495
75
215
311
578
980
49
360
369
148
651
489
917
327
222
772
388
229
834
331
312
263
803
682
770
570
859
628
389
745
1
897
733
44
159
242
22
989
87
462
460
812
755
142
382
156
218
671
423
114
246
613
44
113
138
895
415
711
27
884
294
782
656
396
993
873
723
81
354
589
805
804
176
334
188
748
161
215
786
138
470
664
862
382
921
667
53
464
160
425
863
569
884
99
249
454
279
150
805
54
422
343
46
287
842
912
425
989
544
350
715
165
229
350
740
758
815
90
388
446
969
203
247
281
323
838
893
383
659
49
815
909
591
73
294
451
364
330
232
594
304
542
674
228
972
458
919
151
129
374
61
280
585
987
398
557
699
449
427
370
205
74
669
404
206
519
827
777
698
208
158
267
728
857
746
74
475
831
34
172
253
156
645
446
177
319
243
689
338
533
922
120
728
191
81
989
797
244
26
621
598
584
742
830
217
563
170
820
504
795
137
546
941
148
168
284
138
652
204
618
873
754
642
515
460
774
864
293
713
337
24
643
461
212
663
452
387
223
54
781
672
471
735
318
704
629
648
288
400
283
485
797
723
431
583
206
858
872
566
880
484
391
973
288
314
40
98
368
910
986
143
958
907
850
115
37
104
878
252
488
37
687
601
212
773
270
571
595
958
640
303
644
418
548
444
33
533
799
300
664
37
245
489
386
252
959
107
392
804
664
77
858
463
192
257
826
559
805
706
318
758
94
623
284
626
658
475
545
333
905
572
174
828
966
637
323
461
114
921
94
818
97
217
95
190
315
123
110
187
470
403
912
736
442
286
108
566
148
687
543
43
599
484
998
857
366
231
314
955
326
51
227
769
432
688
720
350
29
224
361
297
660
22
596
741
257
270
327
899
183
861
76
616
218
276
699
159
391
520
534
999
742
480
687
512
461
180
214
718
565
50
77
278
619
924
15
209
522
349
19
379
556
874
401
630
203
134
574
201
743
953
784
905
727
13
331
51
780
520
481
361
23
209
788
756
500
108
486
488
667
704
924
261
309
511
726
687
269
481
814
631
371
377
199
894
853
677
358
755
112
281
679
325
221
890
405
108
143
425
516
991
623
567
177
73
571
438
897
664
157
117
331
214
340
544
193
335
959
895
257
261
905
252
271
909
899
671
838
798
764
823
963
836
385
866
880
598
64
638
480
133
569
202
993
51
922
113
246
312
783
219
399
180
97
916
332
327
396
409
508
73
711
891
462
871
201
688
210
761
707
646
938
100
185
369
426
81
270
831
133
367
218
443
141
693
157
802
973
991
464
710
428
960
613
877
435
24
70
299
753
423
627
178
381
825
409
845
163
626
406
737
814
262
782
923
281
504
283
111
701
775
281
925
537
640
302
325
928
278
586
142
682
973
273
505
298
415
215
909
150
187
537
978
84
73
33
102
291
277
329
493
729
624
278
693
843
616
673
841
819
422
656
192
442
986
233
238
125
495
91
490
69
711
31
586
570
496
763
227
802
789
560
480
232
113
5
122
541
340
874
503
352
48
723
807
167
853
696
732
100
226
540
247
892
467
375
307
433
261
696
286
721
765
548
726
445
859
478
230
52
618
794
540
601
564
26
181
63
585
440
103
803
186
482
987
532
280
819
784
543
870
23
969
877
858
58
381
283
417
995
64
813
205
238
297
720
290
758
688
607
266
450
796
869
876
315
899
455
298
605
859
433
452
765
767
930
863
279
430
139
663
903
948
256
174
684
299
876
301
441
189
125
189
169
8
615
612
243
425
871
246
30
222
996
40
741
712
308
699
936
401
308
398
73
798
685
139
681
528
99
749
414
557
442
390
381
875
171
332
923
67
101
318
556
131
220
139
405
925
823
955
929
533
947
237
20
360
518
360
48
272
14
602
436
96
264
747
438
735
509
845
262
45
378
872
222
917
777
781
119
448
897
639
224
415
795
184
174
130
671
70
361
736
270
633
695
796
743
85
342
220
185
764
944
886
313
469
708
301
508
153
266
346
333
441
86
65
276
813
349
587
192
697
318
509
617
499
471
51
487
404
845
560
851
332
587
879
475
807
7
479
854
987
212
588
117
914
481
448
983
964
107
333
910
867
505
767
612
73
73
326
765
661
754
750
354
997
993
344
139
361
61
457
85
657
502
666
849
869
870
852
580
516
876
514
331
142
373
876
530
268
615
643
568
430
107
945
905
92
374
966
320
936
776
212
365
157
571
863
494
580
182
601
213
5
584
856
11
825
225
942
906
826
48
668
980
908
180
353
999
347
35
778
970
873
177
750
654
727
371
452
511
495
604
597
84
877
596
606
503
177
269
274
436
23
711
70
204
219
611
330
278
694
931
752
843
183
798
428
295
274
530
520
705
750
27
883
782
672
291
33
738
885
242
433
966
756
395
142
194
665
290
338
765
903
34
395
44
611
40
815
195
40
966
578
517
957
803
167
803
159
5
288
885
928
624
11
610
812
302
928
930
977
821
832
818
377
977
456
901
925
882
335
610
342
826
208
468
6
82
875
780
877
910
909
561
552
853
47
714
327
444
338
838
960
713
465
698
376
967
753
757
842
867
163
484
473
261
444
256
408
657
431
916
512
632
541
104
367
399
245
184
717
594
636
792
539
931
949
1000
231
695
208
208
164
569
319
728
266
779
511
224
441
709
948
792
235
296
312
432
382
621
225
190
531
364
443
729
45
867
739
421
802
407
198
615
74
174
148
841
729
497
738
610
79
401
387
775
700
919
915
133
956
62
546
570
845
998
230
890
438
147
776
214
179
313
99
257
141
659
613
444
367
969
507
695
205
688
703
312
929
267
174
769
562
747
526
497
671
865
722
744
995
482
451
619
489
671
985
342
611
653
76
319
607
499
543
214
319
984
302
979
311
905
750
803
258
391
111
34
497
511
790
951
870
606
887
50
619
296
794
429
328
871
164
966
936
107
1000
653
106
152
202
728
163
427
4
340
162
79
858
871
782
871
693
476
207
53
57
800
197
299
318
408
383
980
255
280
683
25
40
954
992
899
533
308
221
904
898
653
799
107
988
680
264
632
514
742
32
708
152
988
646
419
333
149
456
744
308
163
240
366
922
288
761
840
259
843
139
435
41
574
577
985
936
328
137
336
21
561
202
450
618
36
576
360
724
426
431
88
561
954
869
21
521
550
303
632
932
990
143
874
925
55
471
366
119
108
658
322
980
419
242
668
874
277
234
688
361
788
569
123
144
829
897
75
297
246
362
444
660
721
760
550
470
103
273
297
737
668
225
404
142
966
170
294
532
907
137
675
774
525
953
471
490
133
596
98
899
794
324
951
534
536
619
701
887
250
231
368
594
541
519
548
163
565
677
937
593
840
101
914
703
905
152
854
656
236
323
931
666
283
549
693
909
269
588
176
492
452
870
678
779
273
789
436
906
64
701
656
890
619
397
907
15
299
179
383
258
112
942
429
747
372
900
445
748
343
763
107
180
927
904
597
502
632
123
588
282
937
965
126
606
960
426
990
569
6
710
798
1000
733
42
934
15
522
111
143
278
152
232
97
187
165
919
852
407
908
776
323
972
635
332
87
373
292
326
711
437
856
572
153
165
474
731
888
78
953
236
605
621
334
694
547
990
551
841
248
160
227
736
404
473
972
21
346
181
740
945
750
741
288
989
533
611
175
26
191
586
922
709
323
536
654
686
625
466
964
839
83
299
508
93
819
222
898
756
646
401
788
854
715
990
443
966
572
815
561
533
538
21
338
426
763
657
681
280
999
689
552
977
833
834
462
83
372
134
168
208
251
849
312
295
924
146
320
746
698
575
603
735
886
267
798
53
375
811
88
938
499
800
28
289
89
265
654
236
400
759
57
700
976
917
814
176
602
17
914
635
454
87
445
509
349
771
331
986
302
284
876
862
798
744
508
639
279
643
88
801
250
158
186
150
69
810
712
937
896
754
462
701
631
62
962
643
493
107
118
249
666
320
475
539
685
191
657
755
96
588
443
57
952
672
929
70
657
831
288
691
555
500
693
177
798
685
282
261
989
101
767
155
419
283
667
162
391
783
218
833
894
763
400
268
455
870
137
493
167
910
813
37
635
412
715
390
116
105
538
996
622
939
366
648
885
264
874
841
397
429
488
542
271
640
176
141
186
514
99
943
622
757
973
143
379
603
815
109
107
197
555
533
844
337
470
123
828
994
380
697
257
310
88
613
583
68
520
94
515
548
162
172
753
620
17
7
183
137
981
345
19
993
459
743
416
778
791
681
774
684
639
945
535
984
5
942
773
760
357
870
37
141
712
701
492
106
408
336
108
8
316
121
217
383
667
986
315
680
60
842
541
802
723
873
549
195
452
911
561
799
623
577
652
163
848
222
949
576
968
289
786
420
734
397
551
892
551
970
683
427
164
341
350
314
106
980
603
588
22
144
245
986
685
265
984
517
416
907
848
142
295
95
610
119
154
308
225
899
587
224
906
223
35
796
459
796
62
418
905
381
689
505
54
62
680
678
830
620
842
942
509
659
233
781
634
724
71
585
882
777
346
75
718
866
280
537
50
845
990
408
997
296
30
960
387
232
140
892
20
913
246
987
878
329
712
836
862
303
983
655
121
406
953
795
995
665
123
83
448
519
730
642
624
519
289
451
508
545
507
925
560
531
977
520
25
108
765
196
68
640
116
121
655
65
887
243
380
278
521
772
627
405
662
201
954
369
975
983
671
898
447
63
509
175
404
999
482
999
598
779
16
391
968
147
424
965
934
615
267
252
993
418
493
959
664
712
492
793
648
792
442
221
828
720
469
732
402
405
836
271
83
387
210
275
177
10
680
317
282
571
97
43
277
366
26
988
26
67
643
940
561
252
942
412
328
229
604
293
110
365
472
994
572
162
63
740
657
57
812
997
596
279
807
938
46
774
192
415
538
346
761
880
566
612
81
214
195
91
676
30
996
379
649
592
90
859
246
50
115
746
355
634
381
181
375
697
947
918
632
594
391
885
453
845
520
494
181
786
969
714
461
692
711
262
72
969
509
495
213
546
419
78
569
360
331
443
184
157
314
2
251
317
490
478
749
63
545
836
177
351
978
318
546
956
461
339
58
681
997
436
531
30
789
956
575
436
529
221
948
913
838
360
247
112
70
983
515
696
949
462
413
510
237
92
387
62
926
503
401
251
92
432
87
45
783
765
221
568
319
512
45
427
91
826
953
453
53
312
221
782
766
488
284
146
246
326
43
187
108
189
15
870
596
211
419
745
75
956
211
724
150
683
557
575
65
856
155
267
877
335
943
287
658
807
120
729
660
178
841
697
543
504
829
394
611
364
845
121
588
484
293
56
982
699
859
991
701
3
84
656
196
934
297
697
95
68
235
529
539
447
300
43
924
845
710
641
434
439
974
758
784
606
428
548
589
732
783
867
916
521
135
990
170
344
191
742
533
189
747
746
381
565
832
776
136
868
754
638
425
514
656
721
898
123
484
649
802
393
528
908
380
68
821
509
629
789
428
285
25
466
260
404
291
472
343
351
12
722
695
728
449
532
202
764
538
403
52
877
459
87
290
5
88
262
218
956
495
189
356
590
143
44
64
73
466
32
728
65
807
400
328
342
544
988
760
540
480
293
918
657
280
766
78
610
778
228
662
256
870
561
380
247
680
838
572
387
521
565
676
945
111
586
611
206
977
659
372
367
184
187
959
729
58
922
752
570
716
16
987
523
156
561
661
148
199
278
641
81
892
551
103
181
259
376
885
875
802
619
616
266
872
249
397
496
331
497
150
293
818
373
954
497
236
672
859
53
546
825
877
835
103
477
988
804
490
677
641
699
557
331
90
833
397
550
379
802
58
678
851
586
871
570
409
276
455
651
656
121
280
521
540
619
461
224
769
743
834
260
301
675
469
459
434
107
733
34
709
762
303
184
835
652
530
155
11
550
831
801
164
372
289
183
718
549
859
889
538
567
418
335
75
497
260
52
388
313
289
649
436
180
536
700
402
457
764
151
14
497
171
546
685
150
16
359
830
507
319
1
161
71
239
469
15
857
1
904
210
696
536
656
369
74
548
882
512
361
753
407
362
950
665
193
353
361
292
957
902
227
719
407
923
756
33
388
534
382
671
584
413
944
267
774
790
145
12
904
65
672
489
8
861
761
934
548
840
679
267
972
798
640
348
960
344
926
872
378
812
244
206
298
373
773
914
847
543
473
26
830
862
593
745
137
347
630
326
685
780
650
951
435
858
264
174
384
954
642
247
489
709
684
741
505
885
329
575
434
394
863
547
63
522
90
384
449
126
988
404
829
80
647
166
72
999
640
465
859
491
867
494
922
109
358
342
44
637
19
80
847
635
675
2
404
198
182
136
546
458
862
801
903
122
739
816
460
435
363
405
551
710
82
523
172
242
688
473
807
612
620
281
937
432
877
540
201
347
585
139
237
861
662
618
414
196
330
902
1000
768
690
354
883
750
322
382
952
810
1
945
651
450
427
343
563
569
509
951
55
982
217
841
178
9
578
367
327
24
98
552
536
49
186
353
649
639
379
904
127
905
539
434
387
859
437
913
165
204
658
586
375
881
245
430
171
66
123
756
183
210
21
428
829
586
655
431
680
161
549
259
734
346
98
732
752
584
56
241
509
356
963
87
848
98
622
305
892
680
363
280
144
364
473
19
958
851
546
474
484
610
806
819
277
996
624
172
688
355
642
785
919
105
941
376
582
83
484
110
509
634
33
23
544
784
507
830
344
62
262
574
251
542
546
943
49
705
447
838
156
117
840
653
832
968
479
522
112
362
65
147
10
297
161
125
323
771
944
653
570
279
612
137
372
667
459
932
306
862
72
960
831
319
660
954
374
388
280
238
959
18
829
304
792
253
532
584
464
74
296
202
371
925
123
480
345
141
892
787
206
819
26
865
494
942
72
647
576
138
228
997
484
113
578
502
892
618
216
324
602
241
579
406
210
394
368
742
88
134
382
607
450
529
698
262
202
980
691
43
877
948
798
743
402
508
217
282
285
239
134
877
809
761
607
57
115
510
554
442
523
38
807
697
381
148
946
542
192
367
366
53
54
699
109
840
588
322
43
176
651
282
830
101
669
814
910
70
450
276
293
712
44
511
69
689
806
924
611
970
119
486
467
293
27
842
977
543
747
603
244
901
283
269
702
3
293
571
499
748
498
206
507
273
215
304
402
480
590
547
719
399
970
239
804
302
390
618
852
845
24
99
143
503
226
135
338
95
299
932
926
594
736
455
339
1000
531
463
849
874
306
346
768
647
433
547
377
289
369
82
49
754
179
997
84
456
284
797
135
506
404
644
171
771
338
220
181
937
857
371
904
194
82
278
999
946
856
480
637
214
649
17
864
130
970
484
319
115
265
940
184
622
231
240
538
736
697
455
418
374
932
719
946
607
332
385
985
636
115
549
129
665
331
443
440
951
302
114
527
883
599
404
738
734
362
685
787
666
60
443
604
867
833
754
894
841
852
307
824
245
345
764
689
140
81
771
147
664
33
416
724
531
212
84
890
697
695
356
264
268
905
724
85
681
713
955
146
474
763
574
784
326
438
528
612
807
874
874
353
189
789
198
486
902
755
780
572
253
108
263
71
582
372
939
573
470
20
879
444
217
540
447
909
835
759
934
490
756
527
232
313
817
434
946
770
246
749
598
613
896
103
589
729
499
14
7
857
219
953
967
916
306
525
869
468
9
948
578
863
627
981
184
71
817
199
667
764
814
561
508
533
580
630
592
938
138
171
455
911
580
269
466
782
222
124
110
840
356
690
996
170
358
534
364
385
7
495
348
675
827
972
233
812
216
11
893
542
376
269
722
522
989
377
20
849
179
570
227
13
613
893
833
768
635
497
909
18
898
722
512
434
312
846
323
208
502
53
550
939
124
166
475
616
340
315
362
871
54
558
778
499
101
962
125
816
129
932
625
153
213
881
737
123
972
944
770
753
37
993
108
193
667
121
627
446
93
530
471
701
442
983
474
452
116
893
448
596
521
912
497
816
647
806
581
630
312
9
121
334
826
638
324
832
328
899
347
590
306
304
45
583
152
722
376
291
695
709
506
276
294
898
184
707
742
